1.3305262595880420e+18, 0.0000000000000000e+00, 0.0000000000000000e+00, 0.0000000000000000e+00, 0.0000000000000000e+00, 0.0000000000000000e+00, 0.0000000000000000e+00, 1.0000000000000000e+00
1.3305262602880399e+18,-7.4744780036400003e-03, 9.2341797567300002e-03,-2.5799708437500000e-03,-2.1512932064199999e-03,-4.4526696564600000e-04,-1.7419415516400000e-02, 9.9984585693899997e-01
1.3305262609880379e+18,-7.3137578436500003e-03, 1.2713479299700001e-02,-2.7573180612899999e-03,-1.5041528822900001e-03,-5.7590318997300001e-03,-3.2980805503900000e-02, 9.9943826099699995e-01
1.3305262615880358e+18,-9.4301094971400001e-03, 2.3191961059699999e-02,-2.8066642847700001e-03, 1.4960100570300000e-03,-9.1038673470800000e-03,-4.5924696745200000e-02, 9.9890229941800002e-01
1.3305262622880330e+18,-1.3809994128000000e-02, 3.4234400722799999e-02,-5.3383427736799997e-03, 5.7515277598500000e-04,-1.0654128589600000e-02,-6.2904164854600000e-02, 9.9796253676500002e-01
1.3305262629880310e+18,-1.5451387594900000e-02, 4.8752103211400000e-02,-8.2532938110199995e-03,-6.3780048564700004e-04,-1.2144399875800000e-02,-7.9716071060499993e-02, 9.9674342474699995e-01
1.3305262635880310e+18,-2.1666810199900001e-02, 7.7048691840000003e-02,-1.1874917791899999e-02, 1.1187334463900001e-03,-1.1195966626900001e-02,-9.7550193316399997e-02, 9.9516700033200001e-01
1.3305262642880279e+18,-1.8833446961300002e-02, 1.1660657248300001e-01,-1.8041260301499999e-02,-3.0234809495300002e-04,-1.4830044486099999e-02,-1.1166676113700000e-01, 9.9363499979799996e-01
1.3305262648880261e+18,-1.2556135857599999e-02, 1.4806137622900001e-01,-2.4057439922700000e-02,-2.5672819219500001e-03,-1.8949309086000000e-02,-1.0925407615799999e-01, 9.9382990475800004e-01
1.3305262655880230e+18,-7.4604707820499997e-03, 1.9713108583600000e-01,-2.9170879352900001e-02,-7.9661008229000001e-04,-1.6951345763899998e-02,-9.0257295801400003e-02, 9.9577388891399998e-01
1.3305262661880220e+18,-3.8214992813500001e-03, 2.2829016584900000e-01,-3.8944513963999998e-02,-8.2816101735700004e-03,-1.4889210520000000e-02,-2.3665171396399998e-02, 9.9957475258499995e-01
1.3305262668880189e+18, 9.8588639656399992e-03, 2.8112737585100001e-01,-4.2191290477099998e-02, 3.8104636525600000e-03,-4.5366115214300003e-04, 2.6168326924099999e-03, 9.9998921331400004e-01
1.3305262674880179e+18, 8.4893300175299998e-03, 3.5499045837400001e-01,-5.3245786613800000e-02,-2.6350957533900002e-03, 9.0752629179300000e-03, 1.7781903597700001e-03, 9.9995376588700002e-01
1.3305262680880148e+18, 6.9979799406100001e-03, 4.1187705672500002e-01,-5.9618167693900000e-02,-8.7926198612499999e-03, 1.8468534265700001e-03,-1.0478750799400000e-02, 9.9990473283699999e-01
1.3305262686880151e+18, 1.0318495771400000e-02, 4.8091409277000002e-01,-6.8040928030599995e-02,-1.9910675694800001e-03,-9.3031930581899992e-03,-1.1950918598499999e-02, 9.9988332409000003e-01
1.3305262692880131e+18, 1.0292559812800001e-02, 5.3893964671100003e-01,-7.8447995184000002e-02,-7.9507614700799999e-03,-1.7963386524300001e-02, 4.1052571597299997e-02, 9.9896385745500005e-01
1.3305262698880100e+18, 1.7768894806299999e-02, 6.0704462914199997e-01,-8.4584639671200001e-02,-5.3478746822500003e-03,-8.4442975724700001e-03, 3.9427263822599999e-02, 9.9917245005199995e-01
1.3305262704880090e+18, 1.1792332412300001e-02, 6.8627210065300004e-01,-9.4618283863400002e-02,-1.7181479101299999e-02, 4.4342799958999998e-03, 1.7455453416400001e-02, 9.9969017254500003e-01
1.3305262710880061e+18, 1.6048775201700002e-02, 7.8730488131300003e-01,-1.0236522813200000e-01,-7.1328402093800000e-03, 1.4043910001599999e-03,-1.3028750347799999e-02, 9.9988869477599995e-01
1.3305262715880038e+18, 1.3093543757900000e-03, 8.5976564053299998e-01,-1.0867306194600000e-01,-7.4434663179999997e-03, 3.5397396398999998e-03,-4.9416012265600003e-02, 9.9874427296699997e-01
1.3305262720880028e+18,-8.9901592986699999e-04, 9.3255725535099998e-01,-1.1459846550400000e-01,-1.6469651126200000e-02,-2.6850827466600000e-03,-7.5139296119699994e-02, 9.9703341323200001e-01
1.3305262725880010e+18, 5.8853418601399997e-03, 1.0064444174400000e+00,-1.2265695315300000e-01,-1.8403341730700001e-02,-2.0820649170400000e-02,-2.9170954514100001e-02, 9.9918810691200000e-01
1.3305262731880000e+18, 1.0118177718400000e-02, 1.0754555910700001e+00,-1.3621952112100000e-01,-6.7061904894600002e-03,-2.8743455361600001e-02,-7.3947268118000004e-03, 9.9953697220200000e-01
1.3305262736879980e+18, 1.2376616324600000e-02, 1.1205903486300000e+00,-1.5045726214399999e-01,-2.0066506517000000e-02,-2.2058825996600001e-02, 4.4354716560100003e-02, 9.9857067983699999e-01
1.3305262742879962e+18, 5.0882473576499998e-02, 1.1591658557000000e+00,-1.6026732702900001e-01,-2.3557402642499999e-02,-1.2589883760499999e-02, 8.0285882606699999e-02, 9.9641393038299997e-01
1.3305262748879941e+18, 4.9483554132000000e-02, 1.2034445956299999e+00,-1.8415043495899999e-01,-1.3814999142900001e-02, 1.7743292109900000e-02, 7.1785440704900005e-02, 9.9716657178599999e-01
1.3305262754879931e+18, 5.0302209750799999e-02, 1.2610887838900000e+00,-2.0397018768899999e-01,-2.7311222679300001e-02, 5.1370312464799998e-03, 1.1283630435600001e-01, 9.9322488714500001e-01
1.3305262760879900e+18, 5.6852909418899998e-02, 1.3054312876700001e+00,-2.1335079783499999e-01,-1.0996177871500000e-02, 4.3666375829599997e-05, 1.8703630792000001e-01, 9.8229145455199995e-01
1.3305262766879890e+18, 5.8946638664100000e-02, 1.3423768827100000e+00,-2.1619212531400001e-01, 3.1900888387699998e-03, 2.7992520825600001e-02, 2.7013980386100001e-01, 9.6240881567100001e-01
1.3305262777879849e+18, 5.1553639827200001e-02, 1.4229319604399999e+00,-2.2925955034699999e-01,-1.1147580490600001e-02, 5.7593751242600001e-02, 3.0684752424400003e-01, 9.4994909765299995e-01
1.3305262783879828e+18, 5.1555753559099998e-02, 1.4530510235900000e+00,-2.3690527476699999e-01, 1.0428066927899999e-03, 4.6045473837400000e-02, 2.7405431218699999e-01, 9.6061072285600002e-01
1.3305262804879770e+18, 8.9862587785100000e-03, 1.5577121801400000e+00,-2.5813922150200003e-01,-7.6810399761500000e-03, 1.3731289779400000e-02, 7.7060167290099998e-02, 9.9690229407099995e-01
1.3305262810879749e+18, 2.4640326630899999e-02, 1.5859675199800001e+00,-2.5680101658499999e-01,-4.1802494537800002e-03,-6.1937701106599997e-03, 9.9098824219800000e-02, 9.9504953935200002e-01
1.3305262816879718e+18, 3.3021223085600002e-02, 1.6062260956800001e+00,-2.5405536990700001e-01, 7.0937183092799998e-03, 4.9599549342000003e-03, 1.6723071291800001e-01, 9.8587979321200003e-01
1.3305262846879639e+18,-3.8489892812900002e-02, 1.8365716694600001e+00,-2.8295722344300001e-01,-1.0312511191400000e-02, 1.6491393863600001e-02, 2.2205169416400000e-01, 9.7484087478899994e-01
1.3305262852879611e+18,-1.0490723306100000e-01, 1.8884211164000000e+00,-3.0273210297300002e-01,-1.2628831684400000e-02, 2.0975220850400000e-02, 2.4426979021799999e-01, 9.6939817531700001e-01
1.3305262858879590e+18,-9.3605539406500002e-02, 1.9059791166400000e+00,-3.1150610060200001e-01,-2.2128563027399999e-02,-2.6329237057600000e-03, 3.1958361443500000e-01, 9.4729599798399999e-01
1.3305262864879580e+18,-1.1327318580800000e-01, 1.9351053468099999e+00,-3.2578827430099999e-01,-1.6295870350500001e-02, 2.1657705397600001e-02, 4.0543245009200002e-01, 9.1372310730299999e-01
1.3305262875879529e+18,-2.0975361540599999e-01, 2.0565008077400000e+00,-3.3257821890000000e-01,-3.1093667951799998e-02, 7.8101668861400006e-02, 3.3348520551200000e-01, 9.3899996317300005e-01
1.3305262881879521e+18,-2.4669359459300000e-01, 2.1410205318400002e+00,-3.4061248752899997e-01,-2.3083536441600001e-02, 5.2827589377899997e-02, 2.5566390377800002e-01, 9.6504526549299996e-01
1.3305262887879501e+18,-3.1053308162799997e-01, 2.1988297155200001e+00,-3.5225113109700001e-01,-1.3497354406600000e-02, 3.9169691602799997e-02, 1.8850793265400001e-01, 9.8119738891300001e-01
1.3305262892879488e+18,-3.3237688266499998e-01, 2.2470213932299998e+00,-3.5997408675499998e-01,-2.5326769307200001e-02, 1.3882847422099999e-02, 1.4356189110400000e-01, 9.8921979596400000e-01
1.3305262898879468e+18,-3.8613356889799999e-01, 2.3066141398600002e+00,-3.7725534442000003e-01,-2.7758179730399998e-02, 9.3837232449900006e-03, 9.2054482825000006e-02, 9.9532276241800000e-01
1.3305262903879450e+18,-4.1224866935600002e-01, 2.3517026577000002e+00,-3.9197500462300000e-01,-1.5646933893300002e-02, 6.0602028409100003e-03, 4.7863344473800001e-02, 9.9871294557400003e-01
1.3305262908879429e+18,-4.3601535920599999e-01, 2.3903866782000001e+00,-4.0429838254400002e-01,-1.3559987097000001e-02, 5.2996364705900001e-03, 6.5019864960800004e-03, 9.9987287430700000e-01
1.3305262914879419e+18,-4.4938982668100003e-01, 2.4344468572200002e+00,-4.1022069830199998e-01,-2.1027992911399999e-02, 6.0567841514100004e-04,-3.8566501568399997e-02, 9.9903457478900004e-01
1.3305262920879391e+18,-4.6206492191499998e-01, 2.4731494955500000e+00,-4.1360115465699998e-01,-1.3590155359600000e-02,-6.0043485494900000e-03,-5.5907896103699999e-02, 9.9832537913700004e-01
1.3305262926879370e+18,-4.7163172909099998e-01, 2.4997463920000000e+00,-4.2256741624799998e-01,-1.4953599684999999e-02,-1.0216343936400000e-02,-4.2638185213600001e-02, 9.9892642438500001e-01
1.3305262932879360e+18,-4.7712077226200000e-01, 2.5256815305900000e+00,-4.2799355180100002e-01,-1.4189338767700000e-02,-6.3552801214999998e-03,-2.0052220110200001e-02, 9.9967803894499996e-01
1.3305262938879350e+18,-4.7685456823299999e-01, 2.5449055446500002e+00,-4.2862391797999999e-01,-1.2277867058200000e-02,-1.0756047120100000e-03, 1.9180301893600000e-02, 9.9974007275599996e-01
1.3305262944879319e+18,-4.7689196002200002e-01, 2.5683529674300001e+00,-4.3390600466500001e-01,-1.9308837909199999e-02, 2.1697929057200001e-03, 6.9796875857499996e-02, 9.9737197519200005e-01
1.3305262951879299e+18,-4.7339811242800001e-01, 2.5970651441300001e+00,-4.3949993087500000e-01,-2.4806079302499999e-02, 9.9046775564499995e-03, 1.3071086933800000e-01, 9.9106065628100004e-01
1.3305262957879270e+18,-4.6705909048799998e-01, 2.6190418204100001e+00,-4.4130823165400002e-01,-2.1756072622600001e-02, 1.7106970092100000e-02, 1.7993524181900000e-01, 9.8328903870100004e-01
1.3305262963879258e+18,-4.6965015944499999e-01, 2.6391485543700002e+00,-4.4440825331000000e-01,-2.3957435965699998e-02, 2.4558997480400000e-02, 2.1962562519400000e-01, 9.7498075963700004e-01
1.3305262969879240e+18,-4.6689924307899999e-01, 2.6606418010500001e+00,-4.4750494795000001e-01,-2.8401801703399999e-02, 2.6146515957199998e-02, 2.5463026008900003e-01, 9.6626762752899997e-01
1.3305262975879219e+18,-4.8226164497500001e-01, 2.6711151031400000e+00,-4.5104491543600000e-01,-2.8436279864800001e-02, 3.7088600144999997e-02, 2.7409638696400002e-01, 9.6056597086300000e-01
1.3305262981879199e+18,-4.9402379444599998e-01, 2.6813056657500001e+00,-4.5180584131099999e-01,-2.3713364149999999e-02, 4.3057977076899998e-02, 2.8391742071499998e-01, 9.5758789945599998e-01
1.3305262987879178e+18,-5.0290001313400001e-01, 2.6827882955800000e+00,-4.5388587975700001e-01,-2.1693184391000001e-02, 3.9945383030499999e-02, 3.0929961541200002e-01, 9.4987763424100002e-01
1.3305262994879160e+18,-5.1317681982800001e-01, 2.6816148393899999e+00,-4.5448775420400001e-01,-2.2089425757400000e-02, 4.3949435672500002e-02, 3.5797347862300000e-01, 9.3243524867700001e-01
1.3305263000879140e+18,-5.2153789162099995e-01, 2.6760597423800001e+00,-4.5208528241899998e-01,-2.3281282219800001e-02, 5.8466966717400003e-02, 4.1159961004200002e-01, 9.0918939540400001e-01
1.3305263005879119e+18,-5.2980854242999997e-01, 2.6736439137399999e+00,-4.5242335173400000e-01,-2.3515819010100001e-02, 6.9908191568699998e-02, 4.6211227764700002e-01, 8.8374888619799996e-01
1.3305263011879099e+18,-5.3747490640800000e-01, 2.6617852096900001e+00,-4.5128684286800003e-01,-2.6182813341600001e-02, 7.9299552102599993e-02, 5.3128915043199998e-01, 8.4306457638499999e-01
1.3305263017879078e+18,-5.4317000622000000e-01, 2.6576237971199999e+00,-4.4952425470300000e-01,-2.0603882605600001e-02, 9.2243880540400003e-02, 6.0833386813799994e-01, 7.8803328064300004e-01
1.3305263023879071e+18,-5.4935551373299996e-01, 2.6443562970599999e+00,-4.4859493532500000e-01,-1.7041700187400002e-02, 1.1191583321300000e-01, 6.9442889739199998e-01, 7.1060040331899998e-01
1.3305263029879050e+18,-5.4957453331999995e-01, 2.6414040239099998e+00,-4.4723103068900000e-01,-1.5575444506800000e-02, 1.2680332946299999e-01, 7.8478209582699998e-01, 6.0646136169900000e-01
1.3305263035879030e+18,-5.5586642686800003e-01, 2.6317783656299998e+00,-4.4483545509000000e-01,-2.2599847367299999e-02, 1.5623776997399999e-01, 8.4834922766400001e-01, 5.0535392949299995e-01
1.3305263041879009e+18,-5.7275411254599995e-01, 2.6325739196900000e+00,-4.4198848151300002e-01,-2.9778926878299999e-02, 1.6727965453499999e-01, 8.8181422588199998e-01, 4.3992545246300002e-01
1.3305263047878991e+18,-5.9293855596099998e-01, 2.6023746772799998e+00,-4.3382413486799998e-01,-4.0898550282100002e-02, 1.6478619355400001e-01, 8.8387527415400002e-01, 4.3581798808400002e-01
1.3305263054878979e+18,-6.1664806881000001e-01, 2.5601053275400001e+00,-4.2926485064800002e-01,-2.6937236850600000e-02, 1.6198857280500001e-01, 8.6981810532299997e-01, 4.6524246496299998e-01
1.3305263061878938e+18,-6.3509648385700002e-01, 2.5318412876599998e+00,-4.2620477437799997e-01,-1.8013702510499999e-02, 1.6237559073800001e-01, 8.6798001309899997e-01, 4.6895668341100000e-01
1.3305263068878920e+18,-6.4740755908699998e-01, 2.4979436343399999e+00,-4.1781990213400000e-01,-2.0858558398300000e-02, 1.6277298780200000e-01, 8.9266487172999998e-01, 4.1978482793200000e-01
1.3305263074878899e+18,-6.5497054998299997e-01, 2.4879002811699999e+00,-4.2002137479599999e-01,-3.5848139314900002e-03, 1.6183634341100001e-01, 9.3028441171900000e-01, 3.2919152536599999e-01
1.3305263081878879e+18,-6.7259076215900004e-01, 2.4702622914100001e+00,-4.1746450217199998e-01, 1.4793645897100000e-02, 1.6480835887299999e-01, 9.6387983041000003e-01, 2.0869840779200000e-01
1.3305263087878858e+18,-6.8792438427600000e-01, 2.4560891459400001e+00,-4.1432075748399999e-01, 1.5297018777700001e-02, 1.7746326439400001e-01, 9.7547281908600003e-01, 1.2932737618800000e-01
1.3305263094878840e+18,-7.0897530403099995e-01, 2.4230806305999999e+00,-4.0711362688600000e-01, 1.6868289854799999e-03, 1.8013764669700000e-01, 9.7783561230299998e-01, 1.0670097545000000e-01
1.3305263100878830e+18,-7.2077307881399999e-01, 2.3758055336299999e+00,-4.0032597549100002e-01,-9.7371141604599999e-04, 1.7017188971300001e-01, 9.7789454422500000e-01, 1.2150242883300000e-01
1.3305263107878799e+18,-7.3733652322300003e-01, 2.3355371272699998e+00,-3.9829376195799998e-01, 2.3995489724000001e-02, 1.7246967682799999e-01, 9.8011827073500002e-01, 9.5113628985099993e-02
1.3305263114878779e+18,-7.5722948058499995e-01, 2.2910586196899998e+00,-3.8868854935300001e-01, 3.2753981548400000e-02, 1.7399862578399999e-01, 9.8319869431300000e-01, 4.4407008663000000e-02
1.3305263120878748e+18,-7.6328457250199999e-01, 2.2420333852300001e+00,-3.7599387266899997e-01, 1.3994873896199999e-02, 1.7405023489200000e-01, 9.8455910282100001e-01, 1.2410974605900000e-02
1.3305263126878738e+18,-7.7329084540299997e-01, 2.1957528395399999e+00,-3.6929388853000000e-01, 1.6634185520900001e-03, 1.7502442447100000e-01, 9.8446427897500000e-01, 1.3920032281200000e-02
1.3305263133878710e+18,-7.8379053081399996e-01, 2.1323006808699998e+00,-3.6023390927900001e-01, 1.9506761405000000e-02, 1.7219209258300000e-01, 9.8474737432199999e-01,-1.5555650980200000e-02
1.3305263139878689e+18,-7.9374775560599997e-01, 2.0788184661500000e+00,-3.5179258476600000e-01, 2.4630965625500000e-02, 1.7135624771600000e-01, 9.8422415302599997e-01,-3.6512580053299999e-02
1.3305263145878671e+18,-7.9780245692300000e-01, 2.0354620588299999e+00,-3.4531243429500003e-01, 2.5084453274199999e-02, 1.7216875496699999e-01, 9.8094984849199995e-01,-8.6406508782600006e-02
1.3305263151878659e+18,-8.0423416506400003e-01, 1.9762697230699999e+00,-3.3153914739599999e-01, 1.2209165332600001e-02, 1.7459296225300000e-01, 9.7912301236900001e-01,-1.0337485411199999e-01
1.3305263157878641e+18,-8.0281141710100001e-01, 1.9121953085500001e+00,-3.1667508046300002e-01, 2.8769855629999998e-03, 1.6787461617499999e-01, 9.8046670065399999e-01,-1.0244454649500000e-01
1.3305263162878618e+18,-8.0047476756600000e-01, 1.8588182258999999e+00,-3.0801220116000000e-01, 5.4894176220400001e-03, 1.6627809908600000e-01, 9.8109415736700001e-01,-9.8872212669200002e-02
1.3305263168878597e+18,-7.8743210670599995e-01, 1.7867641944999999e+00,-2.9407493777600002e-01, 6.7798229097999997e-03, 1.7094936288699999e-01, 9.8095604087400001e-01,-9.1954310411499998e-02
1.3305263173878589e+18,-7.8162623768799999e-01, 1.7306876328600000e+00,-2.8535410248100002e-01, 1.0648701157200000e-02, 1.6569164028399999e-01, 9.8202719582800002e-01,-8.9752282189200006e-02
1.3305263179878569e+18,-7.7483891720999998e-01, 1.6613246884499999e+00,-2.7209654680000001e-01, 9.4503688750500001e-03, 1.6053985882800001e-01, 9.8296071535700003e-01,-8.9027390839800005e-02
1.3305263185878538e+18,-7.5788303208300001e-01, 1.5768654085600000e+00,-2.5422364451800000e-01, 2.9592780411199998e-03, 1.6362900723000001e-01, 9.8217064521399999e-01,-9.2507374554000002e-02
1.3305263191878528e+18,-7.3457148264500005e-01, 1.5066727747599999e+00,-2.4278654345000000e-01, 1.0802099523099999e-03, 1.5670824864200000e-01, 9.8259591164200000e-01,-9.9732804922900001e-02
1.3305263197878520e+18,-7.1440509442800004e-01, 1.4264682989699999e+00,-2.2828849352200001e-01, 9.3028861288499999e-03, 1.5758817637100000e-01, 9.7922755627400004e-01,-1.2725099611300000e-01
1.3305263203878500e+18,-6.9286970006299997e-01, 1.3622784385900000e+00,-2.2311829251000001e-01, 1.6424429370899999e-02, 1.5266489020599999e-01, 9.7329945180900002e-01,-1.7062194034399999e-01
1.3305263210878469e+18,-6.7148143934700000e-01, 1.2756659286800001e+00,-2.1329412402100001e-01, 1.2280568600500001e-02, 1.5569300214800000e-01, 9.6698929460500005e-01,-2.0134691662800000e-01
1.3305263216878449e+18,-6.4318115857299996e-01, 1.1976951785100001e+00,-2.0281714340300000e-01, 2.0056315365200002e-03, 1.5046318454099999e-01, 9.6851804081100001e-01,-1.9831694875600001e-01
1.3305263223878420e+18,-6.0657494386699995e-01, 1.1101908775300000e+00,-1.8932149023700001e-01,-2.2585468598000000e-03, 1.5295580668500000e-01, 9.7135130421799998e-01,-1.8186825990899999e-01
1.3305263229878408e+18,-5.7307384596800004e-01, 1.0298779706600001e+00,-1.7066634223600000e-01,-5.2397040510999996e-03, 1.5836542229100001e-01, 9.7374322591899998e-01,-1.6345356680199999e-01
1.3305263235878390e+18,-5.4082323966300005e-01, 9.4403307796600000e-01,-1.4916994723499999e-01,-8.5582085729900004e-03, 1.6067155130499999e-01, 9.7655879323700001e-01,-1.4298368094899999e-01
1.3305263241878359e+18,-5.0838109163800005e-01, 8.5409770006300001e-01,-1.2417433102300000e-01,-1.2018717120099999e-02, 1.6083412661499999e-01, 9.7931499904300001e-01,-1.2218865251699999e-01
1.3305263246878349e+18,-4.7576306210399999e-01, 7.8544482073499999e-01,-1.0390313237400001e-01,-1.8060478798800000e-02, 1.5569699527000000e-01, 9.8213444175200004e-01,-1.0413550352400000e-01
1.3305263253878328e+18,-4.3938754377500000e-01, 6.7395963078099996e-01,-7.2346868474699996e-02,-2.0252739111599999e-02, 1.6243848126400001e-01, 9.8401845845600000e-01,-7.0080238162000000e-02
1.3305263258878318e+18,-4.1495149569599998e-01, 5.8388668343000005e-01,-4.8513788164699999e-02,-2.2207916442699999e-02, 1.6382103127299999e-01, 9.8545824884199995e-01,-3.9262169436500002e-02
1.3305263264878300e+18,-3.9639479589100002e-01, 4.8361107216100002e-01,-3.3091679219900000e-02,-2.0205371699999999e-02, 1.5911851736600000e-01, 9.8705267559400001e-01,-2.3661751038300000e-04
1.3305263270878269e+18,-3.8394372895500001e-01, 3.9757906577199997e-01,-3.6733230822099998e-02, 1.0076348252700000e-02, 1.4620949968899999e-01, 9.8744874564999996e-01,-5.8874647526800002e-02
1.3305263276878259e+18,-3.7741379596699998e-01, 3.2076148776500002e-01,-5.4124128355600001e-02, 1.5389743341800001e-02, 1.5217457201599999e-01, 9.8468323783000000e-01,-8.3695738050899998e-02
1.3305263282878239e+18,-3.8081196273700002e-01, 2.5495189708900001e-01,-6.1128295027100002e-02,-1.9338161822900000e-03, 1.5670100427200001e-01, 9.8270322937599996e-01,-9.8668224818500003e-02
1.3305263288878218e+18,-3.8606955578500002e-01, 1.9001648161800000e-01,-3.1200914698800000e-02,-2.3836481848100000e-02, 1.6720879146400000e-01, 9.8011142791399997e-01,-1.0418556072300000e-01
1.3305263295878188e+18,-3.8428419748800002e-01, 1.0568081743900000e-01,-9.8815064125299997e-03,-2.1069963011999999e-02, 1.5776932232200000e-01, 9.8171173132800005e-01,-1.0443645994799999e-01
1.3305263301878180e+18,-3.7270575346700002e-01, 2.3888367574500000e-02,-4.7403625926199996e-03,-8.3036028753400003e-03, 1.5104779365500001e-01, 9.8314463191400003e-01,-1.0267544472900000e-01
1.3305263307878159e+18,-3.7261564510099998e-01,-6.2287703168099999e-02, 2.1169654516599999e-03, 1.7239496658399999e-03, 1.5798829343400000e-01, 9.8129737995800004e-01,-1.0996444526500000e-01
1.3305263315878139e+18,-3.4540341545499997e-01,-1.7788110295400000e-01, 3.0464719662900000e-02,-3.6282217612399997e-02, 1.6549482470400001e-01, 9.8237883327499997e-01,-7.8910655903800003e-02
1.3305263321878118e+18,-3.3152460048600002e-01,-2.6496922649799998e-01, 5.6521635299700002e-02,-7.7896513256500002e-02, 1.5631331470000001e-01, 9.8268564404600001e-01, 6.1864415098099999e-02
1.3305263327878088e+18,-3.2107586409500000e-01,-3.5093798322899999e-01, 7.7128834427500001e-02,-9.4722633488400002e-02, 1.6775024090400001e-01, 9.5776211788200005e-01, 2.1349286857600000e-01
1.3305263333878070e+18,-3.1888477222200001e-01,-4.2806397990799999e-01, 9.1020289865800005e-02,-7.8374031034700004e-02, 1.7309776412500000e-01, 9.2286760827900005e-01, 3.3497769015700002e-01
1.3305263339878060e+18,-3.2766052237100002e-01,-5.0386947155899997e-01, 9.7666202220399997e-02,-5.1998240668800003e-02, 1.6465864588199999e-01, 8.8891501356900005e-01, 4.2428034594600000e-01
1.3305263345878039e+18,-3.4287729755899998e-01,-5.7013699156900000e-01, 9.9634848524700004e-02,-3.3387165614599999e-02, 1.5609081358999999e-01, 8.5357966070299995e-01, 4.9590595672900001e-01
1.3305263351878019e+18,-3.6177663542400001e-01,-6.2952325171599999e-01, 1.0651613184800000e-01,-3.2669252228200003e-02, 1.5442322465600000e-01, 8.0597365127800003e-01, 5.7051964128499999e-01
1.3305263358877990e+18,-3.8601987971099999e-01,-6.8606001295399999e-01, 1.2393453902800000e-01,-3.1292701414200000e-02, 1.5331985392100000e-01, 7.3486322142600002e-01, 6.5991653641000003e-01
1.3305263365877970e+18,-4.2061712959800002e-01,-7.3243063862500002e-01, 1.3150639575100001e-01,-2.9013615906200000e-02, 1.4147151346799999e-01, 6.5262718694300004e-01, 7.4378879786600005e-01
1.3305263386877908e+18,-4.9734421472899998e-01,-8.3558904165000003e-01, 1.3832826865600001e-01,-7.7801531497299998e-03, 6.2729196045700000e-02, 3.2234752350599999e-01, 9.4450865071199996e-01
1.3305263431877770e+18,-7.3882751212300002e-01,-6.9491459404400002e-01, 1.0514794067500000e-01, 1.3394540296799999e-02, 3.0836966960300000e-02, 6.5993074075000005e-02, 9.9725351938899998e-01
1.3305263438877750e+18,-7.8524274786500003e-01,-6.1860876587900004e-01, 8.9840052590899999e-02, 3.5785398453200001e-02, 8.9426387265500000e-03, 2.0513533290799999e-02, 9.9910891769700005e-01
1.3305263445877719e+18,-8.0018965817900001e-01,-5.6248450259899996e-01, 8.4713439678400004e-02, 3.4225305170799997e-02,-1.2205403460200000e-02,-1.1655038827500000e-02, 9.9927164308899996e-01
1.3305263453877691e+18,-8.2356150422600005e-01,-4.9101388934599999e-01, 7.8452396342499994e-02, 3.2467330605100000e-02,-9.8089510425900008e-03,-5.2975306382099997e-02, 9.9801967607700004e-01
1.3305263460877668e+18,-8.1562988529600000e-01,-4.3699653611900002e-01, 7.5719057069300003e-02, 1.5184544184700000e-02,-4.0869556924200003e-02,-5.5913301173300001e-03, 9.9903345587699999e-01
1.3305263467877650e+18,-8.1816509777099999e-01,-3.7047520274399998e-01, 6.0465867148600000e-02, 1.5908202004100001e-02,-5.0078346576500003e-02, 2.8347050391600001e-02, 9.9821617550899999e-01
1.3305263474877629e+18,-8.2079540121399996e-01,-2.9730449178700002e-01, 5.5833730344099997e-02, 1.3317299977900000e-02,-3.3110702476099999e-02, 7.9037795953499999e-03, 9.9933170727800003e-01
1.3305263481877609e+18,-8.1246154808299997e-01,-2.2846845970999999e-01, 5.4658688944200000e-02,-4.2214483559799999e-03,-3.6453929669300000e-02, 9.0631507265199994e-03, 9.9928531945800003e-01
1.3305263488877568e+18,-8.1820970008100002e-01,-1.4777330176699999e-01, 3.7101773568999998e-02, 5.6415326294299998e-03,-4.2918364289500001e-02, 5.5535125816499997e-02, 9.9751793814300005e-01
1.3305263496877548e+18,-8.2587496005500005e-01,-6.8879613569899995e-02, 2.3632025528099999e-02,-3.1601194378799999e-03,-3.0654716049100000e-02, 7.5535458266799999e-02, 9.9666679315300000e-01
1.3305263503877530e+18,-8.1305076682900002e-01,-5.6787856730099997e-04, 1.3898908490000000e-02,-3.7049843662399998e-03,-2.4672170543299999e-02, 1.2972101884800000e-01, 9.9123660866600005e-01
1.3305263510877509e+18,-8.2394705418900005e-01, 5.8693888164400000e-02,-7.2339459311799997e-03, 4.6442739257299996e-03,-6.3163577514500002e-03, 1.9187019940799999e-01, 9.8138899572200000e-01
1.3305263518877489e+18,-8.3739277060700001e-01, 1.3625097767700001e-01,-3.0439321488100000e-02,-3.5222026472099999e-03, 5.4253818448499998e-03, 2.6272718418800001e-01, 9.6484847826400000e-01
1.3305263525877458e+18,-8.5310644303299998e-01, 2.0547319194600000e-01,-4.3423037563100002e-02,-4.0425466011999997e-03, 4.1118978448799998e-02, 2.2964359011300001e-01, 9.7239740278800002e-01
1.3305263532877440e+18,-8.8998829185499995e-01, 2.9398010904600003e-01,-5.1401847503200003e-02,-1.8634032202500001e-02, 4.3791095250899997e-02, 1.8445058396399999e-01, 9.8168889924199998e-01
1.3305263538877430e+18,-9.2698113537899995e-01, 3.6499739869800002e-01,-5.9701643740300001e-02,-1.0801304875500000e-02, 2.7135545911900000e-02, 1.5568270302199999e-01, 9.8737525285000005e-01
1.3305263545877399e+18,-9.7334397772799996e-01, 4.6406396863400001e-01,-6.9957229061899995e-02, 5.9273543487400003e-04, 1.1328170298399999e-02, 1.1646733905499999e-01, 9.9312973984099995e-01
1.3305263551877379e+18,-1.0166676067600000e+00, 5.5168063574600001e-01,-7.3339973471099995e-02,-9.1936486538799992e-03, 6.3533546585600002e-03, 7.9192225547099995e-02, 9.9679672106299999e-01
1.3305263557877361e+18,-1.0407739194400001e+00, 6.2701646752100004e-01,-8.1216442200699998e-02,-8.5731165381899999e-03,-1.9606372777199999e-02, 1.1728649927400001e-01, 9.9286754852199999e-01
1.3305263564877330e+18,-1.0722527758800000e+00, 7.1466004434099994e-01,-9.3276111144199994e-02,-2.0565735017999999e-03,-2.8469289488699999e-02, 1.1523633247499999e-01, 9.9292792172400002e-01
1.3305263570877317e+18,-1.0956894527700001e+00, 8.0258829527599995e-01,-1.0613591676400000e-01,-1.0759654954500000e-02,-1.9553940424300000e-02, 8.2627654442699996e-02, 9.9633053950999995e-01
1.3305263576877299e+18,-1.1203034901900000e+00, 8.7553785647299998e-01,-1.3118452673200001e-01,-2.0961363687099999e-02,-1.4843301300799999e-02, 6.9915369063500002e-02, 9.9722221134900002e-01
1.3305263583877271e+18,-1.1338289304700000e+00, 9.3278332916100004e-01,-1.6771219447899999e-01,-7.8570641970999999e-03,-2.0265671156999999e-02, 1.3418959620699999e-01, 9.9071727621200001e-01
1.3305263590877248e+18,-1.1410377338800000e+00, 9.9184776794499996e-01,-1.8699094429200000e-01,-5.4256920094099999e-03, 1.1957330974800000e-02, 1.6594759315400001e-01, 9.8604714919100001e-01
1.3305263595877240e+18,-1.1473860868600001e+00, 1.0525748682100000e+00,-1.8214773552100000e-01,-1.1524257696599999e-02, 3.6201207243899997e-02, 1.7077598953299999e-01, 9.8457718106699998e-01
1.3305263602877220e+18,-1.1778756227700000e+00, 1.1349924240000000e+00,-1.8852057650300000e-01,-1.1104625530300000e-02, 3.8218930268600002e-02, 9.8950550421100000e-02, 9.9429612753600005e-01
1.3305263608877189e+18,-1.2042927423500001e+00, 1.2146475097600000e+00,-2.0195137800099999e-01,-1.0354374004400001e-02, 1.2371038793100000e-02, 4.0991669416999997e-03, 9.9986146098799999e-01
1.3305263614877169e+18,-1.2256279640500001e+00, 1.3131177585600000e+00,-2.2130532273600001e-01,-2.0088988850100000e-03,-1.4912653095400000e-02,-8.3023248311500000e-02, 9.9643400049499997e-01
1.3305263621877151e+18,-1.2292569382700000e+00, 1.3966598050600001e+00,-2.4285669085000000e-01,-7.5139747538299998e-03,-3.8468295234799998e-02,-9.5412021168900005e-02, 9.9466591208400001e-01
1.3305263627877130e+18,-1.2287478165900001e+00, 1.4724859709100000e+00,-2.5727211761699997e-01,-5.2181804447800004e-03,-4.4008016200300003e-02,-6.3336474087499997e-02, 9.9700780145000001e-01
1.3305263634877120e+18,-1.2184616179700001e+00, 1.5711388573200000e+00,-2.6271817142300002e-01,-3.7750028117799999e-03,-3.6882128036499998e-02,-6.5665151073000000e-02, 9.9715271945700001e-01
1.3305263640877089e+18,-1.2089567214800001e+00, 1.6505889409100001e+00,-2.7159753694599997e-01,-5.2014648247399996e-03,-4.3371125217599997e-02,-6.2226130963100000e-02, 9.9710571098900003e-01
1.3305263646877069e+18,-1.1902437080199999e+00, 1.7180533623200001e+00,-2.7939153128999999e-01,-8.9240236394699992e-03,-6.0577254924999997e-02,-2.3656865136700001e-02, 9.9784322953000004e-01
1.3305263653877048e+18,-1.1811654199299999e+00, 1.8059147245500000e+00,-2.9297633714700000e-01,-3.0192445950100000e-03,-5.4913649846099997e-02,-1.5370106815400001e-02, 9.9836823619299997e-01
1.3305263659877041e+18,-1.1667698388400001e+00, 1.8782853620300000e+00,-3.0584873897999998e-01,-1.5299810257900000e-02,-4.1888390445500003e-02,-2.4005221170699999e-02, 9.9871669051300005e-01
1.3305263665877020e+18,-1.1518175678000000e+00, 1.9407519090500001e+00,-3.2040127581599998e-01,-1.5383304984000000e-02,-3.7556380746399998e-02, 1.4702570507500000e-02, 9.9906791891900004e-01
1.3305263672876989e+18,-1.1460678413300001e+00, 2.0001002171400000e+00,-3.4623081679399997e-01,-3.7051039186899999e-03,-2.7489571793000000e-02, 6.4458162459400004e-02, 9.9753483194299997e-01
1.3305263678876979e+18,-1.1383248248000000e+00, 2.0687492575899999e+00,-3.5463443263900002e-01,-9.6360221015500003e-03, 1.7189687333400000e-03, 5.8251271388400000e-02, 9.9825396648700004e-01
1.3305263684876951e+18,-1.1404669636500000e+00, 2.1368912916600000e+00,-3.6030454035499998e-01,-1.7052887293200002e-02, 1.6343396041000002e-02, 4.2377358261899999e-02, 9.9882243264100001e-01
1.3305263691876928e+18,-1.1415853506900000e+00, 2.2247266183700001e+00,-3.7467989871899998e-01,-1.3238459174900000e-02,-2.6755227041700001e-03, 2.3780632909499999e-02, 9.9962596318600005e-01
1.3305263696876920e+18,-1.1456256153600000e+00, 2.2934018186200000e+00,-3.8711190996599998e-01,-1.6289244657900000e-02,-1.5847906062500000e-02, 6.5321282183200000e-03, 9.9972037874700004e-01
1.3305263701876900e+18,-1.1439251992399999e+00, 2.3515327983900001e+00,-3.9805304742900000e-01,-1.9773384325899999e-02,-3.2021020512299998e-02, 4.4948228398299997e-02, 9.9828018325599999e-01
1.3305263708876879e+18,-1.1426628183000000e+00, 2.4059911207100000e+00,-4.1453575442700002e-01,-2.5787876323000000e-03,-2.9226573286300000e-02, 1.3574097667099999e-01, 9.9030982248999999e-01
1.3305263714876859e+18,-1.1376935119300000e+00, 2.4571381251700002e+00,-4.2182352405399998e-01,-1.7033526977100000e-03,-5.6480809744100004e-03, 2.2033010675699999e-01, 9.7540752602600000e-01
1.3305263720876838e+18,-1.1400464110799999e+00, 2.5064419717800002e+00,-4.2671350562900001e-01,-1.2177442228100001e-02, 2.6496273920200000e-02, 3.1250685523700000e-01, 9.4946781030200000e-01
1.3305263726876818e+18,-1.1284324974600000e+00, 2.5374825332099999e+00,-4.3519723155399997e-01,-1.0608880124200000e-02, 5.0239418050100002e-02, 4.1043962477899998e-01, 9.1044097389500001e-01
1.3305263733876790e+18,-1.1245271544900000e+00, 2.5710407970000002e+00,-4.4095880476999999e-01,-1.2659327231200000e-02, 7.2936619577600004e-02, 5.2860090167300000e-01, 8.4563649265399998e-01
1.3305263739876780e+18,-1.1152279471500000e+00, 2.6023866576799999e+00,-4.4209438244400001e-01,-1.2172410672200000e-02, 9.7185181391000006e-02, 6.2264493973500001e-01, 7.7635053420400002e-01
1.3305263746876749e+18,-1.1101757018300000e+00, 2.6282544204199998e+00,-4.4602519551600001e-01,-2.1166270896200001e-02, 1.2101953966900000e-01, 6.9138141385200003e-01, 7.1196769630000001e-01
1.3305263752876731e+18,-1.1216405837500001e+00, 2.6358687805600001e+00,-4.4917355354999999e-01,-3.0937672207299999e-02, 1.2624494014599999e-01, 6.9887653192999999e-01, 7.0333254484899999e-01
1.3305263760876710e+18,-1.1571135988800001e+00, 2.6409349369099999e+00,-4.4906533300200002e-01,-1.5322130693300001e-02, 1.2491656634499999e-01, 6.7908055363399999e-01, 7.2319477697199996e-01
1.3305263767876690e+18,-1.2176775493800001e+00, 2.6448346072500000e+00,-4.4605562882400002e-01,-2.3000628129699999e-02, 1.0927078387100000e-01, 6.4534088103900000e-01, 7.5568909887400004e-01
1.3305263773876669e+18,-1.2495907673500000e+00, 2.6412285283000001e+00,-4.5114231978300001e-01,-1.9628008463200002e-02, 1.0165189111500000e-01, 6.8312415670100002e-01, 7.2292670503199996e-01
1.3305263780876639e+18,-1.2850837805399999e+00, 2.6524712008500000e+00,-4.5117853251500001e-01,-3.7529142800100002e-04, 1.1714436631600000e-01, 7.4836916208899995e-01, 6.5285576801500000e-01
1.3305263786876618e+18,-1.3122125415000001e+00, 2.6521394261100002e+00,-4.4984451182500002e-01,-2.7086174061600001e-03, 1.3021687927500000e-01, 8.2562501096700003e-01, 5.4898048144599998e-01
1.3305263793876611e+18,-1.3610109483999999e+00, 2.6309749137299998e+00,-4.4144257929699998e-01,-1.3653606077600000e-02, 1.6898736443099999e-01, 8.6631129984400002e-01, 4.6985272316499999e-01
1.3305263799876580e+18,-1.4137910253899999e+00, 2.6077103120400000e+00,-4.2772010995800003e-01,-1.5398008718700000e-02, 1.6867637929800000e-01, 8.9598782163199997e-01, 4.1050822632700001e-01
1.3305263806876570e+18,-1.4679165883700001e+00, 2.5612136900800002e+00,-4.1029374829300003e-01,-4.6386401143600001e-03, 1.7042451088300001e-01, 9.2631415936799999e-01, 3.3597030711499998e-01
1.3305263812876539e+18,-1.5087154335899999e+00, 2.5169413331600001e+00,-3.9089000075800001e-01, 7.2162923206799999e-03, 1.7828336948699999e-01, 9.4935945102700003e-01, 2.5861090084299998e-01
1.3305263819876518e+18,-1.5531371023000000e+00, 2.4683368558000001e+00,-3.6596923057600000e-01, 7.7710266956499997e-03, 1.7239573583699999e-01, 9.7135965167000005e-01, 1.6333936609899999e-01
1.3305263825876498e+18,-1.5862463579399999e+00, 2.4066844054800001e+00,-3.4215450698799998e-01,-9.5129653165999997e-03, 1.8282197448300000e-01, 9.7773945534800000e-01, 1.0252407811000000e-01
1.3305263831876480e+18,-1.6100779493099999e+00, 2.3538780548700000e+00,-3.2568774112999999e-01,-3.9874256420699999e-02, 1.8326454901100001e-01, 9.7648204809200001e-01, 1.0633418314400001e-01
1.3305263838876460e+18,-1.6268445453200000e+00, 2.2910133207299999e+00,-3.2334549233700000e-01,-2.9205890334699999e-02, 1.7955296052500000e-01, 9.8249673370199997e-01, 4.0098860343899999e-02
1.3305263845876439e+18,-1.6503338139699999e+00, 2.2192783823600002e+00,-3.3066441940000002e-01,-7.2539329584100001e-03, 1.7477385207400001e-01, 9.8453533439700003e-01, 9.5737354855499994e-03
1.3305263851876419e+18,-1.6566677185500001e+00, 2.1549490830800000e+00,-3.3984141446999999e-01, 3.7416721738000001e-03, 1.6876853259700000e-01, 9.8535184571800005e-01,-2.4185169710099999e-02
1.3305263858876390e+18,-1.6677271204199999e+00, 2.0770418171200000e+00,-3.5579548581300002e-01, 1.6839144706300001e-02, 1.6691023682500000e-01, 9.8304219965299999e-01,-7.4063822137899998e-02
1.3305263864876370e+18,-1.6741143742000000e+00, 2.0163957995600001e+00,-3.5158155993700002e-01, 2.2110920520100000e-02, 1.8711631310200000e-01, 9.7463778717399996e-01,-1.2074674478700000e-01
1.3305263870876360e+18,-1.6871328619199999e+00, 1.9632966947199999e+00,-3.3667019223900002e-01, 1.7172466305300001e-02, 1.9298719397500000e-01, 9.6414327335500005e-01,-1.8135268899599999e-01
1.3305263876876339e+18,-1.6707293135600001e+00, 1.9134318796600001e+00,-3.1620315606200000e-01,-2.8430091083799999e-02, 1.6338559322000001e-01, 9.8039690890800002e-01,-1.0638974975300000e-01
1.3305263882876319e+18,-1.6742633509900000e+00, 1.8414651286499999e+00,-3.0045118752400002e-01,-2.0603044048100001e-02, 1.5766924766000001e-01, 9.8471508158200005e-01,-7.1078344268299995e-02
1.3305263888876301e+18,-1.6652788040500000e+00, 1.7811206911499999e+00,-2.9119529728400001e-01, 9.6300226329700000e-04, 1.7458066527700000e-01, 9.8295102856700001e-01,-5.7688294980300002e-02
1.3305263894876280e+18,-1.6536231202200000e+00, 1.7100191102700000e+00,-2.8425953414100003e-01, 1.5011421907200000e-02, 1.6810065739899999e-01, 9.8417657906400002e-01,-5.3974877649399997e-02
1.3305263899876270e+18,-1.6462028113600000e+00, 1.6475017963100000e+00,-2.7799513875100001e-01, 1.2842526123400000e-02, 1.6044279651999999e-01, 9.8571785157000003e-01,-4.9532773626199997e-02
1.3305263905876250e+18,-1.6315982991600000e+00, 1.5778151671400000e+00,-2.7259150827200002e-01,-2.2264076292000001e-04, 1.6121454103600000e-01, 9.8630670895899997e-01,-3.4769211268599998e-02
1.3305263912876229e+18,-1.6285165003299999e+00, 1.5158543260599999e+00,-2.6207015543099998e-01,-2.1390746961899999e-02, 1.5639858143300001e-01, 9.8470375834199997e-01, 7.3759256896300002e-02
1.3305263918876201e+18,-1.6255220855900001e+00, 1.4404607457700001e+00,-2.4590273941800000e-01,-1.1334545357900000e-05, 1.5067697834800001e-01, 9.8473206455300000e-01, 8.7173442684399999e-02
1.3305263923876201e+18,-1.6094636255600001e+00, 1.4065837328599999e+00,-2.4763026515900000e-01, 3.3616944641399998e-02, 1.5153373438800000e-01, 9.8758741646500003e-01, 2.4052509567500002e-02
1.3305263929876180e+18,-1.6177174924000000e+00, 1.3848123310400000e+00,-2.4586951185000000e-01, 4.8317096148900000e-02, 1.8191711242700001e-01, 9.8023617177300004e-01,-6.0898850356700000e-02
1.3305263935876160e+18,-1.6159242710399999e+00, 1.3379038533600001e+00,-2.3310315156500000e-01, 1.3052653807300000e-02, 1.6880658456799999e-01, 9.8237204305500003e-01,-7.9240988501400003e-02
1.3305263940876137e+18,-1.6149064191100000e+00, 1.2762197190700000e+00,-2.1499064180399999e-01,-5.5889608536599999e-03, 1.4042319268000000e-01, 9.8803550947899998e-01,-6.3528910605299999e-02
1.3305263946876122e+18,-1.6033747562000000e+00, 1.2072934058500000e+00,-2.0298349998300000e-01,-5.9975790063599996e-03, 1.6079146782600001e-01, 9.8594789696899998e-01,-4.4909658011700000e-02
1.3305263953876091e+18,-1.6011444258500001e+00, 1.1476457159200000e+00,-2.0249457566900000e-01, 3.6078522361800001e-02, 1.7308375749100000e-01, 9.7782391033700000e-01,-1.1225307786400000e-01
1.3305263959876081e+18,-1.5995283914800000e+00, 1.0826791020400000e+00,-1.9129451929100000e-01, 4.1258398890100002e-02, 1.5660882387600000e-01, 9.7313239832099996e-01,-1.6366049047600001e-01
1.3305263965876060e+18,-1.5969819099600000e+00, 1.0181208919800000e+00,-1.7883742279600001e-01, 2.2822416091100001e-02, 1.6201690278500000e-01, 9.6019464936200005e-01,-2.2639764988399999e-01
1.3305263971876050e+18,-1.5792676021100001e+00, 9.3968411212199998e-01,-1.6443319160700001e-01,-5.4724484389699997e-03, 1.6000452843400001e-01, 9.5638028390399998e-01,-2.4434679402199999e-01
1.3305263976876019e+18,-1.5599370171800000e+00, 8.7719306830499999e-01,-1.5250254391099999e-01,-1.0918591514400000e-02, 1.4365167004200000e-01, 9.6034715288799999e-01,-2.3870133638900001e-01
1.3305263982876001e+18,-1.5306740865399999e+00, 7.9052734952100001e-01,-1.3333956340200001e-01,-1.5682992112499999e-02, 1.5147632733899999e-01, 9.6280059566300003e-01,-2.2321285582600001e-01
1.3305263988875991e+18,-1.5000602051100000e+00, 7.1080528813199995e-01,-1.1580643754200000e-01,-2.1016633002000001e-02, 1.5997429094599999e-01, 9.6481993629300000e-01,-2.0757894379100000e-01
1.3305263994875960e+18,-1.4636302299799999e+00, 6.2484706782999999e-01,-8.9283055290399996e-02,-2.3901321393799999e-02, 1.5212752784299999e-01, 9.6938807375699998e-01,-1.9123991363199999e-01
1.3305264000875950e+18,-1.4298130733200001e+00, 5.4312089910100003e-01,-6.5321253558999995e-02,-2.5364074112899999e-02, 1.4891917029499999e-01, 9.7285618391899997e-01,-1.7530142575800001e-01
1.3305264006875919e+18,-1.3997484770499999e+00, 4.6004027103400003e-01,-4.5893557654299998e-02,-2.3649838360400001e-02, 1.5320743151499999e-01, 9.7487103640700001e-01,-1.5998321927100001e-01
1.3305264012875909e+18,-1.3619686231100001e+00, 3.6933636601800002e-01,-2.9984968920000001e-02,-1.8681826390199999e-02, 1.5365066232999999e-01, 9.7674464161800001e-01,-1.4836565774499999e-01
1.3305264018875889e+18,-1.3283438190600001e+00, 2.8682670379699998e-01,-2.8667104901800002e-02,-1.2539877400100000e-02, 1.4566905830200000e-01, 9.7851623080600003e-01,-1.4535908288800001e-01
1.3305264024875871e+18,-1.3068125784200000e+00, 2.0479863002199999e-01,-3.6129926608300000e-02,-1.0329265754900000e-03, 1.4372264007700000e-01, 9.7708565880400000e-01,-1.5699156395300001e-01
1.3305264030875840e+18,-1.2902731905700000e+00, 1.4609556780399999e-01,-4.7118736257199999e-02, 1.2711431827500000e-02, 1.5310608274800000e-01, 9.5356424843999998e-01,-2.5906016873400001e-01
1.3305264037875830e+18,-1.2869405326900001e+00, 8.0089439902800000e-02,-1.6293926143300001e-02,-1.6092098425999998e-02, 1.7096193240099999e-01, 9.2680907539599999e-01,-3.3397305250900000e-01
1.3305264043875809e+18,-1.2460684194400000e+00, 1.0061863844900000e-02, 4.8128296759799996e-03,-1.2927640319900000e-02, 1.4421367031099999e-01, 9.1729627987899998e-01,-3.7094855213700001e-01
1.3305264049875789e+18,-1.2077975792200000e+00,-5.6915554391299999e-02, 1.3723104290700000e-02,-3.1238896614800000e-03, 1.3915037994599999e-01, 9.1059115406900004e-01,-3.8916726892900000e-01
1.3305264057875761e+18,-1.1316580082300001e+00,-1.3371888824900000e-01, 2.0559008947599999e-02,-2.5941225756400000e-02, 1.3994471130600000e-01, 9.2927046474099995e-01,-3.4087964730100001e-01
1.3305264063875748e+18,-1.0835745026500001e+00,-1.9885898827500001e-01, 2.2953953002300000e-02,-3.8470476875900002e-02, 1.3187515183900000e-01, 9.6452346087499996e-01,-2.2544059119400001e-01
1.3305264070875720e+18,-1.0072854484000000e+00,-2.5321684238600001e-01, 3.5814002009799999e-02,-3.7833089408699998e-02, 1.5758901740000000e-01, 9.8073666959200001e-01,-1.0904101915400000e-01
1.3305264076875699e+18,-9.6650957466800003e-01,-3.0863671235700002e-01, 4.4623264521699998e-02,-2.3915346468500000e-02, 1.6543919272499999e-01, 9.8567410819699997e-01,-2.2460679937699998e-02
1.3305264082875692e+18,-9.3760558903500002e-01,-3.6998776167199998e-01, 5.1986151683199998e-02,-3.3198888760400003e-02, 1.5686987429499999e-01, 9.8324292127400004e-01, 8.6735425801499996e-02
1.3305264088875671e+18,-8.8827739038999998e-01,-4.5741223572400003e-01, 8.0293018455800003e-02,-6.2422999363399997e-02, 1.7714870840399999e-01, 9.5584183745399998e-01, 2.2602673743099999e-01
1.3305264094875651e+18,-8.9191277503300004e-01,-4.8826817560800001e-01, 8.0467091101400004e-02,-4.4261531946799999e-02, 1.7424562239300001e-01, 9.0691746182900002e-01, 3.8102506124399999e-01
1.3305264106875610e+18,-9.1025498465300003e-01,-5.9107886197600001e-01, 9.8968128998000005e-02,-3.5552242724499999e-02, 1.4453460013200001e-01, 7.5159622017399996e-01, 6.4261100926000003e-01
1.3305264113875579e+18,-9.6039171201800000e-01,-6.0730831997900003e-01, 9.2750482131200004e-02,-4.5974091288400000e-05, 1.2819209324600001e-01, 6.7070346224999999e-01, 7.3056392659500002e-01
1.3305264119875569e+18,-9.8701765928800000e-01,-6.3200162790400005e-01, 9.7672636408100005e-02,-1.3701047347300000e-02, 1.1742141681000000e-01, 5.8217788988899999e-01, 8.0442115629800004e-01
1.3305264125875540e+18,-1.0416382478799999e+00,-6.2254336809400002e-01, 9.0924959343599995e-02,-1.5595510621800000e-02, 9.7856321828100001e-02, 4.4739246304199998e-01, 8.8883120126399995e-01
1.3305264131875530e+18,-1.0988376703100000e+00,-5.7320453054900000e-01, 8.1003163111199997e-02, 3.8984496044300002e-02, 7.2755708739000002e-02, 3.4919675622000002e-01, 9.3340690020999995e-01
1.3305264138875500e+18,-1.1370788220500001e+00,-6.0360901399800004e-01, 9.1021619766900000e-02, 1.6832827924199999e-02, 4.7136091846800003e-02, 2.5376045893600002e-01, 9.6597125952600005e-01
1.3305264145875489e+18,-1.1858015154599999e+00,-5.6836677077400000e-01, 9.0150479391599994e-02, 1.3744790552500000e-02, 3.4398182702199999e-02, 1.8300499275500001e-01, 9.8241387326600005e-01
1.3305264152875459e+18,-1.2056294432900001e+00,-5.5126377709300001e-01, 8.2925783443800000e-02, 2.7580239922100000e-02, 6.1199906846500004e-03, 2.3283861245699999e-01, 9.7210496173500005e-01
1.3305264159875438e+18,-1.2228581035899999e+00,-5.2892970082400004e-01, 7.9748185410800004e-02, 2.3456314926300001e-02, 6.0521483504800003e-03, 2.3004620304100001e-01, 9.7287816156800000e-01
1.3305264166875410e+18,-1.2613520240400000e+00,-5.0486180472499997e-01, 7.4562725409700006e-02, 3.6435293332200002e-03, 3.2278206327000000e-02, 2.0739737687500001e-01, 9.7771732630399999e-01
1.3305264173875389e+18,-1.2869991798000000e+00,-4.8028944177700000e-01, 6.6750724389300006e-02, 8.0618528353399999e-03, 2.2383729024800000e-02, 2.6270465695599998e-01, 9.6458293496100000e-01
1.3305264181875369e+18,-1.3345297857400000e+00,-4.2492934547200001e-01, 6.3476883872699993e-02,-6.1506936099500002e-05, 2.2846082127000001e-02, 2.4911130217200000e-01, 9.6820535625399995e-01
1.3305264187875348e+18,-1.3757259243800000e+00,-3.6748196396299998e-01, 5.9763067805500003e-02,-1.3327836425800000e-03, 1.7353991032600002e-02, 2.1955765927199999e-01, 9.7544425619200004e-01
1.3305264194875328e+18,-1.4207902490200000e+00,-2.8786655843999998e-01, 5.5794022471200001e-02,-7.8429294699400005e-05, 1.4974534364600001e-02, 1.7439358770700000e-01, 9.8456215331300001e-01
1.3305264200875308e+18,-1.4729871845200000e+00,-1.9603008090700000e-01, 5.1148618654599999e-02,-5.4633097143799996e-04, 1.4242012857700000e-02, 1.2797050642700000e-01, 9.9167555988699996e-01
1.3305264206875290e+18,-1.5068012510400000e+00,-1.1593031686999999e-01, 4.2299105125399999e-02,-1.5489673337300001e-04, 2.5453382525999998e-03, 1.0193498032300000e-01, 9.9478779498299996e-01
1.3305264213875261e+18,-1.5580213298000001e+00,-1.9605778752600000e-02, 2.4959065748300001e-02, 3.9960612486000004e-03, 2.7188657499599999e-03, 6.6551593095400000e-02, 9.9777127876100002e-01
1.3305264219875249e+18,-1.5618129934200000e+00, 4.6741473015399999e-02, 2.7505164319300001e-04,-1.4509986102900000e-02,-2.1407321111200001e-02, 9.1160177093300002e-02, 9.9550038122499995e-01
1.3305264226875220e+18,-1.5994104315600000e+00, 1.0784227580100000e-01,-3.9893213073100002e-02,-6.7015624854999999e-03,-1.4341125286500001e-02, 1.3419004322100000e-01, 9.9082917472499998e-01
1.3305264232875208e+18,-1.6187672613699999e+00, 1.7804084815800000e-01,-4.7987649046400002e-02, 4.9819701890199998e-03, 1.7178047957600001e-02, 1.2036157562100000e-01, 9.9256898286999995e-01
1.3305264239875180e+18,-1.6532716009499999e+00, 2.6881134349699998e-01,-4.8001159417300002e-02,-7.2549895676300002e-03, 3.2335792154200002e-02, 8.3234114439699997e-02, 9.9597883705699997e-01
1.3305264245875169e+18,-1.6718957392300000e+00, 3.5489044539100001e-01,-5.8782498795999998e-02,-5.2620673743000003e-03, 1.8343284327300001e-02, 3.5525052490200000e-02, 9.9918657177400005e-01
1.3305264252875139e+18,-1.6890987670700000e+00, 4.5249367328300000e-01,-7.0183297723399998e-02,-6.4858461641900001e-03, 2.0314103292100000e-03,-9.2869649004499993e-03, 9.9993377753500001e-01
1.3305264257875118e+18,-1.6997954838000000e+00, 5.2139633006200004e-01,-8.4410137188199993e-02,-1.2503522919000001e-02,-1.6296728872200000e-02, 1.4643883472299999e-02, 9.9968176697400002e-01
1.3305264263875110e+18,-1.7046375229899999e+00, 5.8136649756699998e-01,-1.0213757401000000e-01,-7.6919610124800003e-03,-3.6196495745000001e-02, 5.6364914302100000e-02, 9.9772423237399999e-01
1.3305264270875090e+18,-1.7112193753100000e+00, 6.6810438795100002e-01,-1.2342726560700000e-01,-9.9720454909199997e-03,-2.2797061319500000e-02, 3.3392614654600000e-02, 9.9913251653099999e-01
1.3305264276875059e+18,-1.7121277335700000e+00, 7.4787229165400004e-01,-1.4029144289900000e-01,-1.6423889777799999e-02,-7.9405038620299993e-03, 5.4266449515599996e-03, 9.9981886147800003e-01
1.3305264282875039e+18,-1.7151462828799999e+00, 8.2662117895700005e-01,-1.5146271699700001e-01,-3.9267569609400003e-03,-1.4129303481400001e-03,-5.3790325857399996e-03, 9.9997682483899997e-01
1.3305264289875031e+18,-1.7158974739599999e+00, 9.1363036295000000e-01,-1.6434417111600000e-01,-4.4684526523599997e-03,-2.0892429606700000e-02, 3.9423981636799998e-02, 9.9899413861499997e-01
1.3305264295875011e+18,-1.7147330646400001e+00, 9.8120408964799999e-01,-1.7737630317899999e-01,-3.5141966916199998e-03,-3.7886243572899998e-02, 1.0797978277600000e-01, 9.9342470750500000e-01
1.3305264302874990e+18,-1.7154810502700000e+00, 1.0631446370500000e+00,-1.8861029291299999e-01, 2.2679094288600001e-04,-1.9148162754700000e-02, 1.3475561158700000e-01, 9.9069380818399999e-01
1.3305264308874959e+18,-1.7184870675599999e+00, 1.1335943403299999e+00,-1.9874464880600001e-01,-9.2493810868399997e-03, 2.7546073638400000e-04, 1.3982083269800000e-01, 9.9013358079299996e-01
1.3305264315874939e+18,-1.7266602993800000e+00, 1.2043394181700000e+00,-2.1673387279699999e-01,-8.2077352007000007e-03, 1.0878323486900000e-02, 1.3374180136600000e-01, 9.9092251247399998e-01
1.3305264322874921e+18,-1.7339568301399999e+00, 1.2723463940499999e+00,-2.3378018726800001e-01,-9.8553956641600007e-03, 9.5174857591899999e-03, 1.4035724234200000e-01, 9.9000612784099995e-01
1.3305264329874890e+18,-1.7532124592700000e+00, 1.3467990129900000e+00,-2.3847072326099999e-01,-7.5122896103400000e-03, 1.5090612366400000e-02, 1.5810103763300001e-01, 9.8727903898699998e-01
1.3305264336874870e+18,-1.7757073527000000e+00, 1.4226305184100001e+00,-2.4882763845200001e-01,-7.4292128349199996e-03, 1.3873698054100001e-02, 1.7299634010600001e-01, 9.8479672704999999e-01
1.3305264342874860e+18,-1.8087535647799999e+00, 1.4869346392100000e+00,-2.5850197631299998e-01,-8.9817658570199993e-03, 1.8707827107299999e-02, 1.7731890581800000e-01, 9.8393462726299996e-01
1.3305264348874849e+18,-1.8401614169300000e+00, 1.5490641613300000e+00,-2.6681337847300002e-01,-5.7752860240199997e-03, 2.7664267114399999e-02, 1.6218253704800001e-01, 9.8635600017100000e-01
1.3305264355874811e+18,-1.8817190023599999e+00, 1.6323711374400001e+00,-2.7546654652300001e-01,-4.6299261294499997e-03, 3.8135558175800000e-02, 1.0987760350500000e-01, 9.9320247443999998e-01
1.3305264362874798e+18,-1.9210738128900000e+00, 1.7128066108000000e+00,-2.9030917839100001e-01,-1.0075930298499999e-02, 3.0991860033000002e-02, 3.9929414720700003e-02, 9.9867092782400002e-01
1.3305264368874770e+18,-1.9434753439200001e+00, 1.7787411124500001e+00,-3.1069209020299998e-01,-3.2707527599300000e-03, 5.5448660653499996e-03,-2.7290413963900001e-02, 9.9960681767500004e-01
1.3305264381874739e+18,-2.0422769240799998e+00, 1.8787350301800001e+00,-3.2933482376700002e-01,-1.0230156783999999e-02,-1.9267678296700001e-02,-1.6227198309499999e-01, 9.8650489302800004e-01
1.3305264388874701e+18,-2.0684758788500002e+00, 1.9295190010400001e+00,-3.3711761638600002e-01,-4.5473814777400000e-03,-2.8286794273300001e-02,-2.1625825322700001e-01, 9.7591574764599998e-01
1.3305264395874688e+18,-2.0854728392599999e+00, 1.9645576016199999e+00,-3.4615715515300000e-01,-5.3879435777099997e-03,-4.1416726774600003e-02,-2.4708644061200000e-01, 9.6809292718899997e-01
1.3305264402874670e+18,-2.1104359406700000e+00, 2.0033334171999999e+00,-3.5014006263899999e-01,-1.6733668589400000e-03,-4.0066506090699998e-02,-2.7749289654600001e-01, 9.5989039337799997e-01
1.3305264409874650e+18,-2.1234017555200002e+00, 2.0239995533599999e+00,-3.5589094652100001e-01,-3.1646270456999999e-03,-4.7310580182499999e-02,-3.0484598232799998e-01, 9.5122059544399995e-01
1.3305264416874632e+18,-2.1394806870999998e+00, 2.0494138907499999e+00,-3.6283108938899999e-01,-6.3996885831900004e-03,-5.5749810741899997e-02,-3.2203866298500000e-01, 9.4506195676899996e-01
1.3305264423874601e+18,-2.1181379060799999e+00, 2.1155541082200000e+00,-3.7227911498900002e-01, 2.5501686098999998e-02,-6.5302862836099998e-02,-3.3936664550899998e-01, 9.3803810158599998e-01
1.3305264429874580e+18,-2.1567499784500002e+00, 2.0982510246100001e+00,-3.7048532970900000e-01,-9.2097340673199992e-03,-5.6390613940900003e-02,-3.2422922370899998e-01, 9.4425139128900004e-01
1.3305264436874560e+18,-2.1577502949800000e+00, 2.1160685277500000e+00,-3.7656987866899999e-01,-7.8113272728399996e-03,-5.4136498055000003e-02,-2.4527572979500001e-01, 9.6790910684700004e-01
1.3305264442874547e+18,-2.1634436473599998e+00, 2.1418918942000000e+00,-3.7332115964700002e-01, 3.4069444711000000e-03,-2.8302648093399999e-02,-2.0288384686700001e-01, 9.7878776939699996e-01
1.3305264449874519e+18,-2.1524951813700000e+00, 2.1725056998799999e+00,-3.8058805222699998e-01,-1.1861619165300000e-02,-2.4186479874500001e-02,-1.7740434520800000e-01, 9.8376928925600005e-01
1.3305264456874491e+18,-2.1493541226200001e+00, 2.2239395627300000e+00,-3.8817050860600000e-01, 3.1599112402800001e-04,-3.1102788689900001e-02,-1.6668774826999999e-01, 9.8551900603800002e-01
1.3305264462874478e+18,-2.1259345333000002e+00, 2.2713982029799999e+00,-3.9326462198700002e-01, 2.7259340271800002e-03,-3.3717393356599998e-02,-1.6600771415700000e-01, 9.8554408602999999e-01
1.3305264469874450e+18,-2.1118821426099998e+00, 2.3372030797400001e+00,-4.0028885233700001e-01,-6.6644751043500004e-03,-3.5016384698400002e-02,-1.7698589836199999e-01, 9.8356770450999997e-01
1.3305264475874429e+18,-2.0964553946900000e+00, 2.4017505896700002e+00,-4.0970715310799999e-01,-6.2351186630700004e-03,-4.1219455880700001e-02,-1.9309003348100001e-01, 9.8029501616699999e-01
1.3305264481874409e+18,-2.0742571146400000e+00, 2.4747785742100001e+00,-4.2030727281000002e-01,-6.9357964394999999e-03,-4.4759612020599998e-02,-2.2054582802900000e-01, 9.7432438622799999e-01
1.3305264486874399e+18,-2.0503334183100002e+00, 2.5435565373900002e+00,-4.2818513479600001e-01,-3.3462955184700000e-03,-4.2783394462699999e-02,-2.5525452372000001e-01, 9.6592106902399999e-01
1.3305264492874388e+18,-2.0192425409300001e+00, 2.6326763767800001e+00,-4.3527787202399998e-01, 3.6637639234099999e-03,-3.8399795550900000e-02,-3.0830329270099999e-01, 9.5050571394700001e-01
1.3305264497874371e+18,-1.9759998404500001e+00, 2.6995702101600001e+00,-4.4262428458500003e-01, 6.8973528397699999e-03,-4.8231831440700000e-02,-3.5844498152100002e-01, 9.3227855932799997e-01
1.3305264503874350e+18,-1.9248610751099999e+00, 2.7760891035599999e+00,-4.4916195182300001e-01, 7.9776029340500008e-03,-6.3774896400900005e-02,-4.1268775163400001e-01, 9.0860219023099997e-01
1.3305264509874330e+18,-1.8841254498000000e+00, 2.8363406978399999e+00,-4.6500366933400000e-01,-1.4489673507600000e-02,-7.9721780081400004e-02,-4.1866529690600002e-01, 9.0451857709399996e-01
1.3305264514874312e+18,-1.8634198775999999e+00, 2.8601744018500002e+00,-4.7873174792200002e-01,-3.6614794740500001e-02,-9.2768118260700000e-02,-3.9274869810800001e-01, 9.1422201525400004e-01
1.3305264520874291e+18,-1.8092715085200000e+00, 2.9012189417899998e+00,-4.9419520111900000e-01,-1.1182936269400000e-02,-9.8980548900099996e-02,-4.2351842400599998e-01, 9.0039432328500002e-01
1.3305264526874281e+18,-1.7536827368900001e+00, 2.9360092730099998e+00,-5.0743689221499999e-01, 2.1242371431200000e-03,-8.2979223956000006e-02,-4.9635702081499999e-01, 8.6414098612199997e-01
1.3305264532874260e+18,-1.6942481653499999e+00, 2.9581234373099998e+00,-5.1220486138999999e-01, 6.3899131757699998e-03,-8.4228814910999997e-02,-5.5981751110400002e-01, 8.2429911440600001e-01
1.3305264538874240e+18,-1.6470564336200000e+00, 2.9749290674400002e+00,-5.1405070872000003e-01, 2.4350101791099999e-03,-1.0849449701000000e-01,-5.6438988226999998e-01, 8.1834410588399997e-01
1.3305264544874220e+18,-1.6022224037299999e+00, 2.9828987799200002e+00,-5.1500012400600004e-01,-1.9689338239000001e-02,-1.2183985864999999e-01,-5.2200348890600001e-01, 8.4396666780999996e-01
1.3305264551874189e+18,-1.5667970999300000e+00, 2.9841866671399999e+00,-5.2076511197300002e-01,-1.4730118700500000e-02,-1.0400215028400001e-01,-4.7463440975499999e-01, 8.7389287296399998e-01
1.3305264557874168e+18,-1.5082570522000001e+00, 2.9980341123800001e+00,-5.1423442530100005e-01, 1.5856972456400002e-02,-8.2352184300000006e-02,-5.0605460610300002e-01, 8.5841447436999996e-01
1.3305264563874158e+18,-1.4351891117200000e+00, 3.0106783475699999e+00,-5.1011743807599996e-01, 1.1898363381400000e-02,-8.2633381766400005e-02,-5.6354080048699995e-01, 8.2185881959899998e-01
1.3305264569874148e+18,-1.3612456466500000e+00, 3.0305656962300001e+00,-5.1127198891900005e-01, 9.5626233608099992e-03,-1.0114265121500000e-01,-6.1528958477300000e-01, 7.8172722046099996e-01
1.3305264575874120e+18,-1.2806353256300000e+00, 3.0345894098400001e+00,-5.1794281935300002e-01, 9.1033332735500003e-03,-1.2148764480099999e-01,-6.5679010401000004e-01, 7.4416707852399999e-01
1.3305264581874099e+18,-1.1777336310400000e+00, 3.0367013257500002e+00,-5.0339008278200004e-01, 1.4290600415800001e-02,-1.2772315575900001e-01,-6.9372906330999995e-01, 7.0867662649600005e-01
1.3305264587874089e+18,-1.0980595444200001e+00, 3.0474844376000001e+00,-5.0473042931400003e-01, 1.4769333881800000e-02,-1.1802808606900000e-01,-7.2433454713199996e-01, 6.7911022780300001e-01
1.3305264594874061e+18,-9.8983535645200005e-01, 3.0308209871199998e+00,-4.9355095639800001e-01, 3.3178500554700001e-02,-1.2483841995500000e-01,-7.8870892470200005e-01, 6.0104308339699997e-01
1.3305264600874028e+18,-9.1657670195300001e-01, 3.0151118135999999e+00,-4.8819161621300000e-01,-5.6920711941700002e-02, 1.3920315515199999e-01, 8.6010069819799995e-01,-4.8745184696200000e-01
1.3305264607874010e+18,-8.1908418116899995e-01, 2.9693971523400000e+00,-4.8240763066900000e-01,-6.8702732543200001e-02, 1.8644186099999999e-01, 9.1252318468100002e-01,-3.5752035526300002e-01
1.3305264614873999e+18,-7.6108819872300004e-01, 3.0115055629000000e+00,-5.0045430351400000e-01,-4.8137259795700001e-02, 1.5530946213100000e-01, 9.5324566501499997e-01,-2.5472431631400000e-01
1.3305264620873981e+18,-7.0586055608700005e-01, 2.9392800856600001e+00,-5.0553382032899996e-01,-2.4042769783799999e-02, 1.9094289827100000e-01, 9.5821733250100005e-01,-2.1161828492699999e-01
1.3305264626873961e+18,-6.7124507453000004e-01, 2.9223875328000002e+00,-4.9766732923899998e-01,-1.9444944052800001e-03, 1.9386844133600001e-01, 9.5108325333999999e-01,-2.4052420171800001e-01
1.3305264633873940e+18,-6.1406071977599996e-01, 2.8796183982199999e+00,-4.7658772520100001e-01,-2.3675262088900001e-02, 1.7651745339399999e-01, 9.5442914317000005e-01,-2.3947041838300001e-01
1.3305264640873910e+18,-5.7157718020399995e-01, 2.8243001477499998e+00,-4.6434967854499998e-01,-6.3924863976999993e-02, 1.9046063788000001e-01, 9.6866279824799995e-01,-1.4605047234900001e-01
1.3305264647873889e+18,-5.1903802122700005e-01, 2.7688752910600001e+00,-4.6412837391400003e-01,-4.1535936887600003e-02, 1.8721857253800001e-01, 9.7225112606700004e-01,-1.3398402854200001e-01
1.3305264653873871e+18,-4.9214278853999999e-01, 2.7073269533100000e+00,-4.5904900638200002e-01,-2.0863856855800000e-02, 1.7966172293200000e-01, 9.7873380170299995e-01,-9.6780732559899996e-02
1.3305264660873848e+18,-4.5445211013499998e-01, 2.6376617080200000e+00,-4.4194998357100002e-01,-3.1452251012199998e-02, 2.0161967892999999e-01, 9.7717922809500002e-01,-5.9000145369600000e-02
1.3305264666873830e+18,-4.2822278943800002e-01, 2.5825301079299998e+00,-4.2556987826999998e-01,-2.7337225072199999e-02, 1.8008166566000000e-01, 9.8179623048800002e-01,-5.3846370515399998e-02
1.3305264672873818e+18,-4.1309039520800001e-01, 2.5073713862100000e+00,-4.1349656044900002e-01,-1.5126820873700000e-02, 1.8277590144299999e-01, 9.8152808867100005e-01,-5.4467974920499998e-02
1.3305264679873789e+18,-4.0224800784600001e-01, 2.4325141943499999e+00,-4.0508533136800001e-01,-5.3396105429199996e-03, 1.8962040116000001e-01, 9.7988622665799996e-01,-6.1956233177900000e-02
1.3305264685873769e+18,-3.8628106767499998e-01, 2.3699924729199999e+00,-3.9846200111000002e-01,-7.6711102369899998e-03, 1.7973675816500001e-01, 9.8130198390900003e-01,-6.8427101412499997e-02
1.3305264691873748e+18,-3.8184179716099997e-01, 2.3017276208499999e+00,-3.8669557195799997e-01,-1.3236814564900000e-02, 1.8406746342899999e-01, 9.8044865727599995e-01,-6.8296310978600006e-02
1.3305264697873741e+18,-3.7129579643299998e-01, 2.2342608091799998e+00,-3.7315582519700002e-01,-2.3029140526799999e-02, 1.8830940361699999e-01, 9.7984862306999998e-01,-6.2497224446100001e-02
1.3305264703873708e+18,-3.7388231983999998e-01, 2.1689048313199999e+00,-3.6242189462899999e-01,-1.8760291890800002e-02, 1.8325578849599999e-01, 9.8149226987600002e-01,-5.2328688168900003e-02
1.3305264709873700e+18,-3.6680478949400003e-01, 2.1011049403900000e+00,-3.4616656992200001e-01,-1.7796829802900000e-02, 1.8724676803000001e-01, 9.8118821570600001e-01,-4.3492597887200002e-02
1.3305264715873672e+18,-3.6430383231399999e-01, 2.0443779142500000e+00,-3.3909452364400000e-01,-1.7328007144600002e-02, 1.8826268574400001e-01, 9.8141587056500001e-01,-3.2860163230000003e-02
1.3305264721873659e+18,-3.6090919819000000e-01, 1.9797819324699999e+00,-3.2409719513500002e-01,-1.9169767243799998e-02, 1.8792389382700000e-01, 9.8179820609599999e-01,-1.9733541485500002e-02
1.3305264727873641e+18,-3.6200903517600003e-01, 1.9106391367000000e+00,-3.1002662643700002e-01,-1.6888876810500001e-02, 1.8579479872900001e-01, 9.8242974371500003e-01,-5.1824000043300001e-03
1.3305264732873631e+18,-3.6150333840700000e-01, 1.8573220310500000e+00,-3.0318811354100000e-01,-1.5148203518500001e-02, 1.8421104380299999e-01, 9.8273665938599997e-01, 8.0920683538800008e-03
1.3305264738873597e+18,-3.6407567194399998e-01, 1.7814972769299999e+00,-2.9001377060099998e-01,-1.2826008363900000e-02, 1.8520271324199999e-01, 9.8231476579599997e-01, 2.4354659033199999e-02
1.3305264744873580e+18,-3.7341906403600000e-01, 1.7182161642900000e+00,-2.8050794351100000e-01, 2.9485412486199999e-03, 1.7214838453799999e-01, 9.8505389758399997e-01, 5.0058626412699996e-03
1.3305264750873559e+18,-3.8838435061100002e-01, 1.6616504728399999e+00,-2.7587889845300001e-01, 4.1197421069300001e-02, 1.7430102426600000e-01, 9.8103045881899997e-01,-7.4169834204000001e-02
1.3305264756873551e+18,-3.9616737216400000e-01, 1.6175827048700000e+00,-2.7671647755599998e-01, 4.2553302676300003e-02, 1.8389708362900001e-01, 9.7255836339000001e-01,-1.3601951648400001e-01
1.3305264762873518e+18,-4.1075344357400001e-01, 1.5747957310500000e+00,-2.7545358815799997e-01, 4.1131450087900003e-03, 1.8262522814500001e-01, 9.6924901773399996e-01,-1.6488617196300001e-01
1.3305264767873508e+18,-4.1130715863799999e-01, 1.5310513684500000e+00,-2.6270007797200001e-01,-2.6389877795499998e-02, 1.8226263097500001e-01, 9.6761473719199997e-01,-1.7264306551200001e-01
1.3305264774873490e+18,-4.1483953115500000e-01, 1.4920083993700000e+00,-2.5688148543400002e-01,-1.5905962191899999e-02, 1.8260332620399999e-01, 9.6737781990200000e-01,-1.7488047114200000e-01
1.3305264780873469e+18,-4.1299966488099998e-01, 1.4593531704600000e+00,-2.5218933559899998e-01, 3.4391754628199998e-03, 1.8719045190799999e-01, 9.6732772937099998e-01,-1.7095312450000000e-01
1.3305264787873449e+18,-4.1053374453699998e-01, 1.4325948273600000e+00,-2.4847990427800001e-01,-5.1600830335300002e-03, 1.8257262499700000e-01, 9.6982553023800000e-01,-1.6149009580800000e-01
1.3305264794873428e+18,-4.1051809489100000e-01, 1.3983960997700000e+00,-2.4104990318899999e-01,-2.0823834768699999e-02, 1.8379023822099999e-01, 9.7155221158399996e-01,-1.4789799324799999e-01
1.3305264801873400e+18,-4.1121904943499998e-01, 1.3634092272600000e+00,-2.3408147417500000e-01,-1.0675366483700001e-02, 1.8580930648899999e-01, 9.7325283210500002e-01,-1.3468430856100000e-01
1.3305264808873380e+18,-4.0788955547599998e-01, 1.3431533134200000e+00,-2.3253440548599999e-01,-4.6343887172200001e-03, 1.8135860023399999e-01, 9.7498968193900004e-01,-1.2838497059300000e-01
1.3305264815873359e+18,-4.0418659345199998e-01, 1.3119558884200000e+00,-2.2632382424799999e-01,-1.4695802197500000e-02, 1.8456598397700000e-01, 9.7464000941200002e-01,-1.2568326463599999e-01
1.3305264821873329e+18,-3.9825066438599999e-01, 1.2906403378400000e+00,-2.2203106692100000e-01,-1.9347195385700001e-02, 1.8254565899100000e-01, 9.7488510839499998e-01,-1.2610231497999999e-01
1.3305264828873318e+18,-3.9962048901600000e-01, 1.2684714633400000e+00,-2.2020140523599999e-01,-1.1395117500800000e-02, 1.8133633480700001e-01, 9.7483832145899996e-01,-1.2914151923799999e-01
1.3305264835873290e+18,-3.9788517357600001e-01, 1.2454056817800001e+00,-2.1706684382700001e-01,-1.2339014079200000e-02, 1.8133401867400001e-01, 9.7415895337699998e-01,-1.3408973099400001e-01
1.3305264842873270e+18,-3.9833533244000002e-01, 1.2235518036899999e+00,-2.1359787011400000e-01,-1.6326283413800002e-02, 1.7968989291599999e-01, 9.7354864540800001e-01,-1.4017143032300000e-01
1.3305264849873249e+18,-3.9334196284299999e-01, 1.2024851422500000e+00,-2.1024817708599999e-01,-1.5245877249200001e-02, 1.7967933503200001e-01, 9.7244130538800000e-01,-1.4778635716899999e-01
1.3305264856873229e+18,-3.9383689453999998e-01, 1.1820061557299999e+00,-2.0767945610200000e-01,-1.1831832134300000e-02, 1.7906480396600000e-01, 9.7163796352900000e-01,-1.5399828426699999e-01
1.3305264863873219e+18,-3.9231011458699999e-01, 1.1612242348699999e+00,-2.0378887895799999e-01,-1.4216634135900000e-02, 1.7960172096700000e-01, 9.7025330434400003e-01,-1.6170848632199999e-01
1.3305264870873180e+18,-3.8974313527400001e-01, 1.1422716039100000e+00,-2.0133029678000000e-01,-1.5084025319400000e-02, 1.7885931956900000e-01, 9.6909105101000004e-01,-1.6924642045100000e-01
1.3305264877873170e+18,-3.8760037723700003e-01, 1.1232413596999999e+00,-1.9820722262400001e-01,-1.2746078447799999e-02, 1.7899642708999999e-01, 9.6767934514800003e-01,-1.7718493600400001e-01
1.3305264884873149e+18,-3.8401425097699998e-01, 1.1054721314500000e+00,-1.9480692203300001e-01,-1.3841791724500001e-02, 1.7989038485799999e-01, 9.6613702598600004e-01,-1.8446436310700001e-01
1.3305264890873129e+18,-3.8467432881600000e-01, 1.0900268803800000e+00,-1.9261785380499999e-01,-1.4149906849300000e-02, 1.7936130761300001e-01, 9.6514804144499999e-01,-1.9004883468000000e-01
1.3305264897873098e+18,-3.8158291228399999e-01, 1.0712439434800001e+00,-1.8934098233400001e-01,-1.2919209944899999e-02, 1.7872875824800000e-01, 9.6367480734199995e-01,-1.9804037639600000e-01
1.3305264904873068e+18,-3.7597489721700000e-01, 1.0535217963200001e+00,-1.8534795801500001e-01,-1.3802855866900001e-02, 1.8122000947600000e-01, 9.6179743868900003e-01,-2.0473025244800000e-01
1.3305264911873060e+18,-3.7205105242800002e-01, 1.0339459217300000e+00,-1.8293447347299999e-01,-1.3002002675200000e-02, 1.7770311693999999e-01, 9.6129600953299998e-01,-2.1014883347600000e-01
1.3305264917873039e+18,-3.6757682224700000e-01, 1.0163326669899999e+00,-1.8108241464200001e-01,-1.3344229157000001e-02, 1.7816825499799999e-01, 9.6057408719500004e-01,-2.1301508742100000e-01
1.3305264924873009e+18,-3.6237067064000000e-01, 9.9440609874399999e-01,-1.7726348015099999e-01,-1.4078684053300001e-02, 1.7885674114000000e-01, 9.6044903591999997e-01,-2.1295470458400001e-01
1.3305264931872991e+18,-3.5221659428300001e-01, 9.7138569239100003e-01,-1.7270188212099999e-01,-1.4938448502200000e-02, 1.7742484183400001e-01, 9.6120545657199996e-01,-2.1066878865399999e-01
1.3305264938872970e+18,-3.5013592182800002e-01, 9.5066227278600002e-01,-1.6995238313899999e-01,-1.2327663358900001e-02, 1.7999235948799999e-01, 9.6118938695900003e-01,-2.0872408015999999e-01
1.3305264945872940e+18,-3.4284248816700003e-01, 9.2953092720399999e-01,-1.6571255612499999e-01,-1.3228382692700000e-02, 1.7892453643299999e-01, 9.6195720389600003e-01,-2.0603241984000001e-01
1.3305264951872929e+18,-3.3774831596900001e-01, 9.1103884083200004e-01,-1.6262143792299999e-01,-1.2492634573500000e-02, 1.7818722936199999e-01, 9.6257705763500001e-01,-2.0381033704900001e-01
1.3305264958872901e+18,-3.3209972695800000e-01, 8.9089880291699997e-01,-1.6077559660700000e-01,-1.1301982385300001e-02, 1.8016575427500001e-01, 9.6277981893900000e-01,-2.0116556967999999e-01
1.3305264965872888e+18,-3.2302234210800002e-01, 8.7016585976100003e-01,-1.5580245599900000e-01,-1.2483128727600001e-02, 1.7951763333199999e-01, 9.6342328801999999e-01,-1.9857784096200001e-01
1.3305264972872860e+18,-3.1601206567599999e-01, 8.4715612103700000e-01,-1.5274274977899999e-01,-1.0782935034600000e-02, 1.7816030292700000e-01, 9.6427997888500006e-01,-1.9572112071799999e-01
1.3305264979872840e+18,-3.0263592446699999e-01, 8.1002162164400004e-01,-1.4539982295900000e-01,-1.0169880470100000e-02, 1.7857851512299999e-01, 9.6515717007000001e-01,-1.9099194886400001e-01
1.3305264986872809e+18,-2.8191487235500001e-01, 7.5926251716600002e-01,-1.3521367724700001e-01,-1.2246514566100000e-02, 1.7596846229599999e-01, 9.6785670326399997e-01,-1.7927220951799999e-01
1.3305264992872799e+18,-2.6038904573900001e-01, 7.0442677750600002e-01,-1.2486462073600001e-01,-1.1593709367200000e-02, 1.7939503241599999e-01, 9.6958914692499998e-01,-1.6607195552800000e-01
1.3305264999872771e+18,-2.2826599278699999e-01, 6.2798082301400004e-01,-1.0805398558600000e-01,-7.9303470683500001e-03, 1.8192390109100001e-01, 9.7211465662399998e-01,-1.4776297975000000e-01
1.3305265005872760e+18,-2.0061984916799999e-01, 5.6272366557800002e-01,-9.3966860942800004e-02,-6.7676688622700003e-03, 1.7815490662600000e-01, 9.7485606861999996e-01,-1.3368123794600001e-01
1.3305265011872740e+18,-1.7190027884400000e-01, 4.9431526819799998e-01,-7.7539165059499995e-02,-8.8319015541999998e-03, 1.8084416852200000e-01, 9.7658249004200004e-01,-1.1620681722499999e-01
1.3305265017872730e+18,-1.4431650186500000e-01, 4.2559612827200000e-01,-5.8701487020900001e-02,-7.8306023445700000e-03, 1.8294551054100000e-01, 9.7846396233199995e-01,-9.5277994614499997e-02
1.3305265023872709e+18,-1.2479316779500001e-01, 3.6465371137600000e-01,-4.8150197318100003e-02,-2.6073303835300000e-03, 1.7982774395100001e-01, 9.8099632697899997e-01,-7.2810650238100003e-02
1.3305265029872681e+18,-1.0629505366200000e-01, 3.1162282715200001e-01,-4.0494390517499999e-02,-1.7040967809200000e-04, 1.7940895567199999e-01, 9.8251353152800003e-01,-4.9795159897999999e-02
1.3305265035872660e+18,-8.7993535163400000e-02, 2.6004066446700003e-01,-3.7261582314200001e-02,-5.3433031404300001e-04, 1.8218844180700000e-01, 9.8288546219600004e-01,-2.7262691834999998e-02
1.3305265041872640e+18,-7.5124960060499998e-02, 2.1057867918400000e-01,-3.8276241720100003e-02, 1.2241248830600001e-04, 1.8194801256900001e-01, 9.8328038065199996e-01,-7.3890975682200004e-03
1.3305265047872630e+18,-6.4854770895799996e-02, 1.6276971548800001e-01,-3.1883104344599997e-02,-6.2028745374800003e-03, 1.8294127388299999e-01, 9.8309874422700005e-01, 3.2975379613199999e-03
1.3305265053872599e+18,-6.1316964041600003e-02, 1.2360248144900000e-01,-2.0875775093099999e-02, 1.2451253198800000e-03, 1.8010431661400000e-01, 9.8353712273200000e-01,-1.4683766812200001e-02
1.3305265059872579e+18,-5.2234184940900000e-02, 7.9897929604300005e-02,-9.1577475584500006e-03, 2.6393532517199999e-02, 1.7348858463799999e-01, 9.8171125099199996e-01,-7.3811327837400006e-02
1.3305265065872568e+18,-4.0765627031599999e-02, 3.1145902739499999e-02,-1.4647725877900001e-03, 1.6912379189800000e-02, 1.7938010803599999e-01, 9.8002808660999996e-01,-8.4152823639899996e-02
1.3305265071872540e+18,-3.6484640570300000e-02,-2.4175865551600000e-02, 7.1482013619600000e-03,-9.9186441028299992e-04, 1.7802914283999999e-01, 9.8124781753099999e-01,-7.3873954106199999e-02
1.3305265077872520e+18,-2.9949087730700000e-02,-8.3193149401599997e-02, 1.2684582496500001e-02,-9.4845565604000006e-03, 1.7376665877700001e-01, 9.8324661064499996e-01,-5.4233699292600003e-02
1.3305265083872509e+18,-2.3996100160600001e-02,-1.2864016228399999e-01, 1.6863973146500000e-02,-3.6457312996100001e-03, 1.7939729475100000e-01, 9.8167846206700005e-01,-6.4114868738399999e-02
1.3305265089872479e+18,-2.2161572434100000e-02,-1.6969851364300001e-01, 2.7734652939000001e-02,-7.8134364512999998e-04, 1.8159055537999999e-01, 9.7978923420899999e-01,-8.3888713350800004e-02
1.3305265096872471e+18,-2.0224720607200000e-02,-2.1028821873000000e-01, 3.3246456586799998e-02,-9.8734137108100004e-03, 1.7522007260700001e-01, 9.8150538488700001e-01,-7.6469741047700004e-02
1.3305265102872451e+18,-1.6725324988300001e-02,-2.5182256450200002e-01, 3.7934690013500000e-02,-1.4033237197499999e-02, 1.7545699108200000e-01, 9.8285290801000003e-01,-5.4936998015499998e-02
1.3305265109872430e+18,-1.7102798083600001e-02,-2.9310730822600001e-01, 4.2658956246800002e-02,-3.7477150957299999e-03, 1.7646067170999999e-01, 9.8275316326300000e-01,-5.5170699356400003e-02
1.3305265115872399e+18,-2.1666074083299999e-02,-3.2148919650399999e-01, 5.1000061588800001e-02, 6.1194326897500003e-03, 1.7645826236199999e-01, 9.8043956671200005e-01,-8.6967178945100004e-02
1.3305265121872399e+18,-2.3187228375500000e-02,-3.4165649965200001e-01, 5.1688879802800000e-02, 1.2301137074400000e-02, 1.7084228646200000e-01, 9.7353797087399996e-01,-1.5127925981400001e-01
1.3305265128872369e+18,-4.6993946851499997e-02,-3.6438928134199999e-01, 5.2475851841499999e-02, 1.6200332912400001e-02, 1.6818098099400000e-01, 9.5316062462300000e-01,-2.5087353490100001e-01
1.3305265134872348e+18,-6.3929728325999996e-02,-3.9316399312700001e-01, 5.9567538345300000e-02, 1.7567425570199999e-02, 1.7013453573900000e-01, 9.2120319808300000e-01,-3.4947144825900001e-01
1.3305265140872328e+18,-7.0217591795599998e-02,-4.1176940615199997e-01, 6.3022758872399998e-02, 2.2253920342100001e-02, 1.5492495079700000e-01, 8.7581662119000003e-01,-4.5656135261000003e-01
1.3305265147872310e+18,-7.9912496686300002e-02,-4.4230497025200000e-01, 6.9207670699600002e-02,-2.5480418583400000e-02,-1.5017454162300001e-01,-7.9248206109700003e-01, 5.9056797928500004e-01
1.3305265153872289e+18,-8.9545598084499994e-02,-4.7150818595999999e-01, 7.4542567229900006e-02,-2.8597588652800002e-02,-1.3628502927600000e-01,-6.9757029450600005e-01, 7.0285436111800004e-01
1.3305265160872269e+18,-8.1679901840100003e-02,-4.9453620489299999e-01, 8.0194178912600000e-02,-1.7926332932200001e-02,-1.1674212155700001e-01,-5.5006338255099996e-01, 8.2672861255600005e-01
1.3305265166872238e+18,-1.0071908095400001e-01,-5.2845630105899999e-01, 8.1791581603600005e-02,-1.8977438263499999e-02,-8.9786419100000001e-02,-3.9194085561899999e-01, 9.1540189069000000e-01
1.3305265173872230e+18,-9.6187473424500000e-02,-5.4165303795999997e-01, 7.9000868440799996e-02,-3.2301362431299998e-03,-4.8996959063200000e-02,-1.7167998438800000e-01, 9.8392827339300004e-01
1.3305265179872200e+18,-9.5296991816900004e-02,-6.1623849807300002e-01, 9.9035481462800001e-02,-1.6997671305000000e-02,-4.6826303636900001e-03, 8.6570694894600002e-03, 9.9980708503700000e-01
1.3305265186872189e+18,-1.0010356502800000e-01,-5.8142952373800005e-01, 9.0235724165299999e-02,-1.3089117976000000e-03, 4.7315602772199997e-02,-2.5648313423600002e-03, 9.9887583919300005e-01
1.3305265193872159e+18,-1.1307251603900000e-01,-5.9825986034599998e-01, 8.7312455509499995e-02,-1.3129892102700000e-02, 6.0722475918200004e-03,-7.3352808626899996e-02, 9.9720113277599998e-01
1.3305265199872138e+18,-8.6317431897000002e-02,-5.7483772320299997e-01, 8.9035053857400001e-02, 9.3859590777000002e-03,-4.4892716330999997e-02,-1.2287558868500000e-01, 9.9136175914600000e-01
1.3305265207872110e+18,-6.3955255946000003e-02,-5.9341018500800002e-01, 1.0442981124600000e-01,-1.2916840190999999e-02,-3.2172353337999997e-02,-2.1358445485399999e-01, 9.7630926225500003e-01
1.3305265214872090e+18,-9.6962381775499998e-02,-5.8290057056900002e-01, 9.1518160614099994e-02,-1.3839563614300001e-03,-1.5283166497400000e-02,-2.9045427286900000e-01, 9.5676581505600000e-01
1.3305265221872069e+18,-7.0227852562700005e-02,-5.8102667125600005e-01, 9.1814636722599999e-02,-3.3478618743500001e-03,-6.2356271392199999e-02,-3.3811976650499997e-01, 9.3902902550300005e-01
1.3305265229872038e+18,-7.5356375353200000e-02,-5.9393374644200003e-01, 9.5937200712000001e-02,-1.6738057561700000e-02,-5.5898728825600000e-02,-3.8137635075699999e-01, 9.2257641885499997e-01
1.3305265236872028e+18,-5.8191258631399997e-02,-6.0057099654199997e-01, 1.0109791482300000e-01,-3.2236285554299998e-03,-5.1963596331900001e-02,-4.2412513530300000e-01, 9.0410578058100000e-01
1.3305265244871987e+18,-4.4418820588299997e-02,-5.9905196079500000e-01, 1.0082754452700000e-01,-1.4910139926599999e-02,-7.3187989140400006e-02,-4.7724920911599999e-01, 8.7558803005300001e-01
1.3305265251871980e+18,-2.5061685700299999e-02,-5.9013884093100000e-01, 9.8463955687999996e-02,-6.2113055901100002e-03,-9.3214105010599999e-02,-5.2772614389500005e-01, 8.4426161073399997e-01
